BaselineInfo:
  WebDBID: -1
  TimeStamp: 20240227043818
Version:
  Major: 11
  Minor: 0
  Build: 1002
  SpecialBuildName: ""
  ptArchitecture: x86_64_linux
Results:
  Results Complete: true
  NumTestProcesses: 16
  CPU_INTEGER_MATH: 79682.329666666672
  CPU_FLOATINGPOINT_MATH: 40048.346912656823
  CPU_PRIME: 62.762399433244489
  CPU_SORTING: 30144.81381446575
  CPU_ENCRYPTION: 13838.715862338209
  CPU_COMPRESSION: 239382.62700804358
  CPU_SINGLETHREAD: 3095.3561816597871
  CPU_PHYSICS: 733.43844054868293
  CPU_MATRIX_MULT_SSE: 13318.721186043318
  CPU_mm: 1661.6187005553361
  CPU_sse: 5899.3801237849348
  CPU_fma: 16070.356914670607
  CPU_avx: 11796.707939840926
  CPU_avx512: 19508.439765876803
  m_CPU_enc_SHA: 13958374830.474045
  m_CPU_enc_AES: 20860361184.022858
  m_CPU_enc_ECDSA: 8714099957.7045574
  ME_ALLOC_S: 0
  ME_READ_S: 0
  ME_READ_L: 0
  ME_WRITE: 0
  ME_LARGE: 0
  ME_LATENCY: 0
  ME_THREADED: 0
  SUMM_CPU: 19595.754462387853
  SUMM_ME: 0
SystemInformation:
  OSName: NixOS 24.05 (Uakari)
  Kernel: 6.1.78
  Device: ""
  Processor: 11th Gen Intel Core i7-11800H @ 2.30GHz
  NumSockets: 1
  Manufacturer: GenuineIntel
  NumCores: 8
  NumLogicals: 16
  CPUFrequency: 4600
  Memory: 15730
  MemModuleInfo:
    iNumMemSticks: 4
    DIMM 1:
      manufacturer: ""
      modulePartNo: ""
      memType: Unknown
      size: 0
      clkspeed: 0
      moduleVoltage: 0
    DIMM 2:
      manufacturer: ""
      modulePartNo: ""
      memType: Unknown
      size: 0
      clkspeed: 0
      moduleVoltage: 0
    DIMM 3:
      manufacturer: Micron Technology
      modulePartNo: "4ATF1G64HZ-3G2E2    "
      memType: DDR4
      size: 8
      clkspeed: 1600
      moduleVoltage: 1.20000005
    DIMM 4:
      manufacturer: Micron Technology
      modulePartNo: "4ATF1G64HZ-3G2E2    "
      memType: DDR4
      size: 8
      clkspeed: 1600
      moduleVoltage: 1.20000005
Checksum: 44BC4D30B7A9DF6F91FECED0F344F4279DF4D869